0,0.582446,0.353210
1,0.503935,0.444363
2,0.573656,0.403736
3,0.581504,0.397590
4,0.606911,0.361529
5,0.470145,0.318383
6,0.481161,0.311869
7,0.544169,0.312479
8,0.591581,0.330078
9,0.629805,0.318244
10,0.637938,0.303397
11,0.646398,0.282885
12,0.640108,0.304258
13,0.634179,0.284426
14,0.661979,0.316831
15,0.653881,0.314274
16,0.631243,0.326021
17,0.603413,0.315980
18,0.831556,0.346316
19,0.853073,0.342628
20,0.826790,0.324355
21,0.788735,0.328482
22,0.753457,0.324789
23,0.749902,0.313520
24,0.765437,0.305714
25,0.744215,0.340112
26,0.745427,0.362926
27,0.705983,0.353021
28,0.685474,0.335777
29,0.697496,0.338350
30,0.701943,0.359138
31,0.703906,0.349359
32,0.698746,0.331514
33,0.687833,0.340718
34,0.676462,0.328846
35,0.687124,0.344206
36,0.669261,0.330879
37,0.684062,0.324287
38,0.622871,0.318130
39,0.619248,0.324800
40,0.621770,0.316798
41,0.619306,0.303274
42,0.598844,0.314501
43,0.607207,0.335029
44,0.593719,0.327078
45,0.604509,0.354291
46,0.601949,0.349862
47,0.605371,0.374765
48,0.588272,0.356060
49,0.595117,0.354166
50,0.592422,0.344304
51,0.596901,0.366844
52,0.578714,0.390026
53,0.588301,0.388928
54,0.592035,0.389562
55,0.590719,0.377171
56,0.591498,0.373949
57,0.584882,0.371575
58,0.589844,0.377495
59,0.594857,0.379100
60,0.599677,0.369240
61,0.592613,0.363551
62,0.585331,0.369336
63,0.582889,0.361876
64,0.578783,0.373059
65,0.589820,0.374747
66,0.593594,0.383714
67,0.583996,0.387325
68,0.597430,0.386374
69,0.602441,0.392028
70,0.599249,0.387471
71,0.587259,0.408971
72,0.589616,0.404998
73,0.588843,0.412201
74,0.587374,0.408866
75,0.589212,0.406127
76,0.586871,0.399914
77,0.571473,0.396775
78,0.568291,0.401919
79,0.562313,0.398510
80,0.562656,0.401108
81,0.574354,0.400590
82,0.576215,0.408344
83,0.583741,0.400747
84,0.594639,0.391701
85,0.587872,0.399424
86,0.584007,0.400749
87,0.585762,0.400944
88,0.583903,0.398923
89,0.591558,0.402491
90,0.594897,0.398193
91,0.597442,0.392183
92,0.593926,0.396209
93,0.582367,0.394454
94,0.585114,0.394371
95,0.589115,0.388977
96,0.606372,0.393461
97,0.617239,0.388052
98,0.618672,0.385907
99,0.616063,0.381184
100,0.622836,0.379153
101,0.632516,0.379948
102,0.630449,0.377573
103,0.635381,0.384393
104,0.641385,0.379471
105,0.647099,0.370659
106,0.651519,0.373654
107,0.655265,0.382070
108,0.653052,0.385341
109,0.649161,0.390243
110,0.656125,0.384569
111,0.663584,0.381122
112,0.655970,0.385405
113,0.649529,0.384549
114,0.651263,0.379768
115,0.645299,0.369407
116,0.635833,0.373708
117,0.634204,0.365109
118,0.633632,0.368154
119,0.635677,0.364477
120,0.641635,0.365989
121,0.644610,0.373415
122,0.633832,0.357382
123,0.629681,0.362825
124,0.620566,0.367485
125,0.625206,0.362061
126,0.624881,0.351413
127,0.622979,0.345842
128,0.612693,0.348112
129,0.602085,0.354344
130,0.602171,0.338643
131,0.606543,0.334084
132,0.600707,0.337719
133,0.602595,0.345607
134,0.601926,0.344069
135,0.597435,0.348800
136,0.611836,0.356452
137,0.615385,0.347124
138,0.619691,0.350839
139,0.618119,0.355928
140,0.611695,0.349730
141,0.596465,0.353237
142,0.591244,0.360470
143,0.600874,0.361013
144,0.592308,0.373810
145,0.592218,0.374753
146,0.584680,0.371977
147,0.578472,0.363147
148,0.574318,0.363698
149,0.576048,0.368408
150,0.573138,0.369191
151,0.577735,0.375313
152,0.589468,0.374898
153,0.583334,0.371757
154,0.575828,0.372893
155,0.573507,0.363213
156,0.570719,0.360655
157,0.572234,0.359981
158,0.570789,0.350438
159,0.575176,0.353249
160,0.567811,0.350869
161,0.566755,0.346737
162,0.577306,0.340687
163,0.590482,0.337537
164,0.598584,0.336899
165,0.590384,0.329035
166,0.574643,0.320006
167,0.571402,0.306486
168,0.555553,0.313537
169,0.564234,0.315970
170,0.568807,0.313975
171,0.578661,0.311562
172,0.568770,0.323020
173,0.560932,0.336520
174,0.559631,0.361132
175,0.559579,0.361765
176,0.578694,0.365589
177,0.577840,0.353176
178,0.582399,0.356785
179,0.577470,0.347493
180,0.558231,0.347406
181,0.561438,0.337668
182,0.558768,0.329036
183,0.579258,0.331351
184,0.589566,0.337518
185,0.596734,0.343639
186,0.608078,0.336490
187,0.609356,0.336565
188,0.607686,0.341268
189,0.615330,0.333484
190,0.590041,0.332173
191,0.596100,0.334167
192,0.598693,0.334438
193,0.605918,0.333330
194,0.616064,0.329076
195,0.626600,0.328121
196,0.619555,0.328805
197,0.631942,0.331729
198,0.641754,0.325942
199,0.635769,0.324106
200,0.629589,0.320888
201,0.623279,0.310659
202,0.622048,0.308378
203,0.620016,0.314050
204,0.621868,0.319191
205,0.621183,0.317965
206,0.627548,0.315483
207,0.622217,0.315767
208,0.627405,0.328304
209,0.628963,0.317447
210,0.620357,0.319146
211,0.615764,0.317620
212,0.629746,0.314572
213,0.631050,0.307473
214,0.634456,0.308691
215,0.635045,0.318873
216,0.633366,0.319859
217,0.630516,0.314148
218,0.630709,0.317231
219,0.636355,0.336694
220,0.642706,0.331438
221,0.650207,0.332688
222,0.649186,0.343018
223,0.643013,0.349663
224,0.648276,0.351031
225,0.641309,0.346861
226,0.647343,0.346180
227,0.633642,0.346939
228,0.635619,0.356571
229,0.631080,0.360479
230,0.632312,0.363716
231,0.624506,0.356724
232,0.624264,0.365380
233,0.625971,0.366818
234,0.632367,0.365970
235,0.639262,0.369249
236,0.635839,0.378920
237,0.626076,0.372788
238,0.631569,0.371878
239,0.628892,0.359116
240,0.626323,0.361739
241,0.645029,0.357234
242,0.636100,0.369174
243,0.632872,0.377809
244,0.640371,0.367106
245,0.647685,0.372876
246,0.640412,0.367651
247,0.627774,0.367375
248,0.618997,0.371645
249,0.613980,0.373220
250,0.603376,0.376392
251,0.593655,0.382561
252,0.591950,0.382863
253,0.596671,0.380408
254,0.600365,0.379643
255,0.599894,0.379670
256,0.596372,0.379641
257,0.592589,0.366461
258,0.588756,0.368743
259,0.586097,0.368351
260,0.597727,0.364869
261,0.605091,0.364522
262,0.609017,0.365145
263,0.611476,0.358830
264,0.607882,0.357269
265,0.616495,0.356121
266,0.603204,0.353917
267,0.601417,0.349424
268,0.603139,0.346243
269,0.608080,0.346463
270,0.607596,0.352349
271,0.612595,0.353132
272,0.621422,0.353081
273,0.627654,0.364213
274,0.619133,0.359392
275,0.621104,0.357148
276,0.619958,0.353073
277,0.616925,0.348502
278,0.618193,0.344471
279,0.600829,0.344090
280,0.594178,0.343171
281,0.593164,0.344612
282,0.594508,0.351129
283,0.589991,0.353564
284,0.587481,0.362810
285,0.598456,0.367353
286,0.610232,0.364085
287,0.615352,0.367268
288,0.618279,0.371593
289,0.612809,0.373045
290,0.610662,0.366912
291,0.609228,0.364083
292,0.614076,0.364790
293,0.613968,0.364231
294,0.615312,0.355782
295,0.614931,0.351682
296,0.602432,0.357481
297,0.605858,0.361035
298,0.602759,0.363678
299,0.606884,0.355759
300,0.615906,0.361583
301,0.607078,0.359236
302,0.618217,0.356736
303,0.628699,0.354913
304,0.626173,0.353212
305,0.621565,0.352678
306,0.623708,0.341467
307,0.633409,0.334827
308,0.630405,0.332775
309,0.623348,0.318720
310,0.626866,0.318607
311,0.634830,0.324115
312,0.637962,0.311437
313,0.635980,0.320464
314,0.636199,0.310588
315,0.637588,0.313874
316,0.642271,0.313945
317,0.652218,0.313988
318,0.644304,0.319855
319,0.637383,0.316670
320,0.629190,0.302474
321,0.622077,0.302724
322,0.616997,0.317761
323,0.625806,0.318875
324,0.623679,0.317277
325,0.617962,0.313732
326,0.619972,0.313233
327,0.622081,0.308775
328,0.632173,0.310973
329,0.629247,0.314276
330,0.601891,0.320650
331,0.607292,0.320277
332,0.605642,0.334165
333,0.606877,0.326553
334,0.608878,0.320156
335,0.612406,0.325271
336,0.612246,0.327652
337,0.621963,0.323093
338,0.623038,0.327823
339,0.621374,0.327845
340,0.623928,0.332505
341,0.629183,0.338232
342,0.632837,0.346857
343,0.631719,0.343071
344,0.627105,0.345296
345,0.628908,0.346228
346,0.602518,0.341390
347,0.601280,0.337401
348,0.577793,0.343552
349,0.585859,0.342764
350,0.589011,0.349553
351,0.584436,0.343806
352,0.600160,0.338474
353,0.594059,0.348945
354,0.597440,0.347392
355,0.583259,0.336757
356,0.593384,0.341897
357,0.593043,0.346289
358,0.591649,0.342282
359,0.602749,0.346647
360,0.604127,0.347390
361,0.590247,0.358777
362,0.588366,0.365856
363,0.592905,0.360167
364,0.600556,0.358375
365,0.608984,0.371518
366,0.603500,0.376216
367,0.610776,0.385937
368,0.602043,0.383073
369,0.614899,0.388130
370,0.609932,0.381939
371,0.612304,0.372764
372,0.606091,0.375603
373,0.601616,0.368410
374,0.618260,0.374559
375,0.624639,0.375132
376,0.632368,0.380068
377,0.636080,0.383050
378,0.631319,0.382342
379,0.629701,0.380750
380,0.620484,0.377857
381,0.611045,0.368619
382,0.619172,0.360850
383,0.612592,0.369452
384,0.604805,0.377458
385,0.610800,0.383930
386,0.607538,0.377142
387,0.606194,0.381905
388,0.607502,0.385623
389,0.611568,0.381357
390,0.612687,0.380751
391,0.621022,0.384199
392,0.617911,0.382997
393,0.617694,0.392194
394,0.617791,0.385629
395,0.611713,0.390741
396,0.603202,0.376081
397,0.600731,0.368151
398,0.606004,0.370260
399,0.600404,0.377188
400,0.605714,0.360886
401,0.607020,0.357100
402,0.605015,0.363697
403,0.610886,0.366033
404,0.605546,0.368763
405,0.592551,0.365193
406,0.588852,0.357285
407,0.580099,0.359693
408,0.586485,0.354403
409,0.592250,0.355033
410,0.596285,0.357508
411,0.590730,0.355568
412,0.591699,0.364543
413,0.579769,0.361538
414,0.574441,0.359843
415,0.578123,0.361408
416,0.575479,0.364728
417,0.580659,0.369096
418,0.581676,0.364640
419,0.589051,0.365852
420,0.589970,0.359730
421,0.599769,0.363993
422,0.608384,0.363335
423,0.615334,0.358818
424,0.617969,0.351736
425,0.606831,0.353438
426,0.604681,0.351902
427,0.602289,0.353014
428,0.612904,0.353793
429,0.624130,0.353087
430,0.624410,0.361480
431,0.639344,0.362026
432,0.637341,0.373431
433,0.647871,0.375360
434,0.646969,0.382280
435,0.647747,0.375099
436,0.655363,0.370075
437,0.646367,0.362977
438,0.651871,0.361279
439,0.655704,0.349204
440,0.666419,0.342635
441,0.659527,0.341785
442,0.662571,0.340373
443,0.665190,0.335559
444,0.664000,0.351240
445,0.656910,0.345714
446,0.662042,0.350833
447,0.661902,0.346213
448,0.654693,0.346632
449,0.653459,0.343901
450,0.652208,0.350067
451,0.643980,0.349146
452,0.639581,0.347757
453,0.633421,0.342523
454,0.629511,0.336707
455,0.637590,0.338555
456,0.637064,0.340645
457,0.633220,0.333644
458,0.631618,0.333297
459,0.633857,0.328861
460,0.640075,0.326265
461,0.632810,0.324233
462,0.623566,0.322009
463,0.629814,0.325141
464,0.622150,0.322398
465,0.630794,0.313326
466,0.632235,0.316601
467,0.628040,0.314646
468,0.623118,0.325038
469,0.635865,0.328965
470,0.630193,0.332124
471,0.636273,0.326246
472,0.624131,0.327393
473,0.626313,0.333493
474,0.623049,0.335597
475,0.619994,0.330943
476,0.632219,0.322205
477,0.631085,0.316257
478,0.627765,0.317689
479,0.624333,0.327447
480,0.621628,0.326948
481,0.616653,0.325777
482,0.627002,0.325103
483,0.614747,0.313740
484,0.617251,0.312842
485,0.604194,0.312944
486,0.607653,0.310510
487,0.600794,0.309008
488,0.608429,0.301899
489,0.599830,0.311284
490,0.613143,0.312087
491,0.611884,0.305613
492,0.620620,0.303026
493,0.615479,0.302837
494,0.622148,0.308337
495,0.611824,0.314607
496,0.616218,0.323655
497,0.618484,0.323146
498,0.610221,0.325982
499,0.606564,0.322409
500,0.610059,0.323181
501,0.600273,0.325344
502,0.596748,0.331134
503,0.583568,0.338542
504,0.587200,0.340314
505,0.591574,0.331042
506,0.598626,0.330361
507,0.602276,0.329721
508,0.606538,0.323601
509,0.609494,0.333466
510,0.608265,0.336444
511,0.615641,0.336038
512,0.621874,0.336875
513,0.620851,0.339355
514,0.627294,0.335289
515,0.634784,0.324312
516,0.639065,0.324158
517,0.640442,0.324262
518,0.637531,0.322148
519,0.635461,0.322494
520,0.643036,0.315965
521,0.647728,0.318826
522,0.642570,0.329188
523,0.653932,0.334255
524,0.654200,0.349174
525,0.652749,0.339265
526,0.659135,0.329781
527,0.660266,0.333494
528,0.666961,0.339082
529,0.662707,0.346715
530,0.663270,0.353920
531,0.661087,0.366578
532,0.673444,0.372257
533,0.678582,0.374164
534,0.675921,0.379887
535,0.677507,0.381288
536,0.680458,0.375570
537,0.681227,0.372795
538,0.686446,0.376304
539,0.683288,0.374314
540,0.698176,0.371971
541,0.696701,0.370481
542,0.688414,0.374819
543,0.683584,0.351472
544,0.682674,0.351604
545,0.675402,0.350308
546,0.680582,0.346843
547,0.678120,0.344403
548,0.682924,0.347085
549,0.675200,0.352528
550,0.671255,0.357876
551,0.672547,0.359272
552,0.683018,0.354204
553,0.686851,0.369440
554,0.682009,0.369065
555,0.678697,0.365867
556,0.671026,0.361424
557,0.668536,0.357189
558,0.666658,0.363708
559,0.658344,0.365169
560,0.655607,0.365474
